#generated file!
##curve 1 of 1292
## this curve is a bspline! How fun!4
knots [16] = 
0.000000
0.000000
0.000000
0.000000
0.111111
0.222222
0.333333
0.444444
0.555556
0.666667
0.777778
0.888889
1.000000
1.000000
1.000000
1.000000
-0.600012 0.136573 1.000000
-0.587817 -0.314647 1.000000
-0.136597 -0.359362 1.000000
0.294297 -0.306517 1.000000
0.318944 0.241253 1.000000
0.956251 1.753555 2.962800
0.143891 0.482101 1.000000
-0.080329 0.846695 2.992763
-1.401960 1.504017 5.027226
-0.400163 0.507794 1.000000
-2.199264 2.125985 3.648135
-0.591882 0.079662 1.000000
##curve 2 of 1292
## this curve is a bspline! How fun!4
knots [30] = 
0.000000
0.000000
0.000000
0.000000
0.043478
0.086957
0.130435
0.173913
0.217391
0.260870
0.304348
0.347826
0.391304
0.434783
0.478261
0.521739
0.565217
0.608696
0.652174
0.695652
0.739130
0.782609
0.826087
0.869565
0.913043
0.956522
1.000000
1.000000
1.000000
1.000000
-0.121876 0.159962 1.000000
-0.019043 0.171387 1.000000
0.019043 0.129493 1.000000
0.140919 0.121876 1.000000
0.167579 0.148536 1.000000
0.300880 0.091407 1.000000
0.411330 0.137110 1.000000
0.411330 0.209474 1.000000
0.396096 0.258986 1.000000
0.441799 0.316115 1.000000
0.464651 0.361818 1.000000
0.426564 0.434182 1.000000
0.331349 0.449416 1.000000
0.289454 0.415139 1.000000
0.213282 0.346584 1.000000
0.175196 0.388478 1.000000
0.118067 0.403713 1.000000
0.060938 0.399904 1.000000
0.015234 0.358009 1.000000
-0.121876 0.479885 1.000000
-0.167579 0.479885 1.000000
-0.198048 0.346584 1.000000
-0.171387 0.270411 1.000000
-0.190431 0.205665 1.000000
-0.186622 0.144727 1.000000
-0.125684 0.156153 1.000000
##curve 3 of 1292
3
-0.464651 -0.026660 1.000000
-0.373244 0.053321 1.000000
-0.247560 -0.019043 1.000000
##curve 4 of 1292
3
0.003809 -0.038086 1.000000
0.099024 0.026660 1.000000
0.209474 -0.060938 1.000000
##curve 5 of 1292
## this curve is a bspline! How fun!4
knots [13] = 
0.000000
0.000000
0.000000
0.000000
0.166667
0.333333
0.500000
0.666667
0.833333
1.000000
1.000000
1.000000
1.000000
-0.156153 -0.201856 1.000000
-0.228517 -0.159962 1.000000
-0.213282 -0.095215 1.000000
-0.163770 -0.095215 1.000000
-0.144727 -0.125684 1.000000
-0.114258 -0.110450 1.000000
-0.076172 -0.114258 1.000000
-0.072364 -0.163770 1.000000
-0.148536 -0.209474 1.000000
##curve 6 of 1292
## this curve is a bspline! How fun!4
knots [11] = 
0.000000
1.000000
2.000000
3.000000
4.000000
5.000000
6.000000
7.000000
8.000000
9.000000
10.000000
-0.407521 -0.194239 1.000000
-0.281837 -0.297072 1.000000
-0.179005 -0.304689 1.000000
-0.148536 -0.262794 1.000000
-0.114258 -0.308497 1.000000
0.068555 -0.293263 1.000000
0.121876 -0.213282 1.000000
##curve 7 of 1292
2
-0.150490 -0.208537 1.000000
-0.154790 -0.277332 1.000000
