# Generated file
21
-0.097932 0.565957 1.0
-0.006754 0.441643 1.0
0.087801 0.5038 1.0
-0.027016 0.575771 1.0
0.047277 0.634657 1.0
0.11144 0.418743 1.0
-0.043901 0.3664 1.0
-0.114817 0.477628 1.0
0.094555 0.556142 1.0
0.30055 -0.150486 1.0
0.094555 0.392571 1.0
0.337696 -0.143943 1.0
0.003377 0.386028 1.0
-0.087801 0.202828 1.0
-0.03377 -0.601942 1.0
-0.060785 0.258443 1.0
0.263403 -0.598671 1.0
-0.027016 -0.624842 1.0
0.020262 -0.788414 1.0
0.891518 -0.778599 1.0
1.26636 -0.755699 1.0
14
0.33287 0.31776 1.0
-0.09962 0.25421 1.0
-0.11663 -0.01883 1.0
0.1312 -0.27539 1.0
0.48594 -0.17653 1.0
0.50052 0.07061 1.0
0.42034 0.20007 1.0
0.24783 0.19772 1.0
0.11906 0.13181 1.0
0.1312 0.0306 1.0
0.22839 -0.00942 1.0
0.27456 0.02825 1.0
0.25755 0.06591 1.0
0.23811 0.07061 1.0
24
-0.442382 0.791685 1.0
-0.452513 0.732799 1.0
-0.452513 0.732799 1.0
-0.415366 0.644471 1.0
-0.205995 0.647742 1.0
-0.307304 0.811314 1.0
-0.408612 0.758971 1.0
-0.37822 0.670642 1.0
-0.361335 0.798228 1.0
-0.341073 0.523428 1.0
-0.398482 0.592128 1.0
-0.371466 0.5038 1.0
-0.631492 -0.651014 1.0
-0.26678 -0.624842 1.0
-0.371466 0.454728 1.0
-0.415366 -0.631385 1.0
-0.452513 -0.853842 1.0
-0.496413 -0.866928 1.0
-0.526806 -0.631385 1.0
-0.466021 -0.791685 1.0
-0.432251 -0.644471 1.0
-0.364712 -0.863656 1.0
-0.327565 -0.860385 1.0
-0.37822 -0.6412 1.0
